0 0.9046875 0.8421875 0.09609375 0.07578125
0 0.80859375 0.84609375 0.08046875 0.078125
0 0.7109375 0.8453125 0.078125 0.0703125
0 0.61875 0.84921875 0.07578125 0.07265625
0 0.90078125 0.775 0.07265625 0.06484375
0 0.80859375 0.765625 0.08046875 0.0625
0 0.70859375 0.765625 0.08359375 0.0625
0 0.61484375 0.765625 0.08359375 0.0625
0 0.896875 0.696875 0.08046875 0.06484375
0 0.803125 0.69921875 0.08046875 0.06015625
0 0.703125 0.69765625 0.08359375 0.0625
0 0.61328125 0.696875 0.07578125 0.06484375
0 0.89453125 0.61953125 0.0859375 0.0625
0 0.89609375 0.55234375 0.08359375 0.0625
0 0.803125 0.625 0.08046875 0.0625
0 0.70546875 0.61953125 0.08828125 0.0625
0 0.6109375 0.61953125 0.08046875 0.0625
0 0.803125 0.54921875 0.08046875 0.06796875
0 0.70859375 0.553125 0.08359375 0.06015625
0 0.609375 0.55234375 0.08359375 0.0625
0 0.375 0.8359375 0.09375 0.078125
0 0.28515625 0.81640625 0.0859375 0.06484375
0 0.18984375 0.796875 0.08828125 0.07265625
0 0.09140625 0.77890625 0.09921875 0.06796875
0 0.4046875 0.76328125 0.0859375 0.06796875
0 0.31015625 0.74375 0.08828125 0.06484375
0 0.21875 0.725 0.08359375 0.0703125
0 0.11953125 0.70546875 0.09375 0.078125
0 0.43515625 0.69375 0.08828125 0.0703125
0 0.3375 0.6734375 0.0859375 0.0703125
0 0.23984375 0.65390625 0.08359375 0.06796875
0 0.14453125 0.63515625 0.09609375 0.07265625
0 0.45859375 0.62265625 0.09375 0.06796875
0 0.36171875 0.6078125 0.08828125 0.06484375
0 0.26953125 0.584375 0.0859375 0.0703125
0 0.1703125 0.5625 0.0859375 0.0625
0 0.4828125 0.55234375 0.09609375 0.0625
0 0.384375 0.53515625 0.0859375 0.06484375
0 0.2953125 0.5140625 0.0859375 0.06484375
0 0.20078125 0.490625 0.08828125 0.0703125
0 0.63515625 0.45078125 0.09375 0.078125
0 0.6953125 0.39609375 0.08828125 0.07265625
0 0.74765625 0.3421875 0.08828125 0.07578125
0 0.81015625 0.290625 0.08828125 0.07578125
0 0.56640625 0.3984375 0.0859375 0.06796875
0 0.4921875 0.3609375 0.08828125 0.0703125
0 0.4140625 0.3109375 0.08828125 0.06484375
0 0.34140625 0.26796875 0.08828125 0.06796875
0 0.61875 0.34765625 0.0859375 0.06484375
0 0.68125 0.29140625 0.0859375 0.0625
0 0.734375 0.2421875 0.08359375 0.06796875
0 0.5484375 0.30625 0.09140625 0.06484375
0 0.6015625 0.24765625 0.08828125 0.06796875
0 0.6640625 0.196875 0.08828125 0.06484375
0 0.59140625 0.1578125 0.08828125 0.0703125
0 0.525 0.11484375 0.0859375 0.07265625
0 0.5328125 0.20546875 0.08046875 0.06796875
0 0.4765625 0.259375 0.08828125 0.06484375
0 0.4 0.21640625 0.0859375 0.06796875
0 0.45703125 0.1640625 0.0859375 0.06796875