0 0.12734375 0.203125 0.06796875 0.05234375
0 0.196875 0.19921875 0.06015625 0.0546875
0 0.27109375 0.19140625 0.0625 0.06015625
0 0.34765625 0.18984375 0.0703125 0.05703125
0 0.125 0.2671875 0.0625 0.0546875
0 0.2015625 0.265625 0.06015625 0.05234375
0 0.271875 0.2640625 0.06484375 0.06015625
0 0.34765625 0.2578125 0.0703125 0.05703125
0 0.12734375 0.33203125 0.05703125 0.04921875
0 0.1953125 0.33046875 0.05703125 0.05703125
0 0.265625 0.33046875 0.07265625 0.05703125
0 0.34140625 0.3296875 0.06796875 0.0546875
0 0.125 0.396875 0.0625 0.0546875
0 0.19296875 0.40078125 0.0625 0.05234375
0 0.265625 0.396875 0.0625 0.0546875
0 0.34375 0.3984375 0.07265625 0.05703125
0 0.12265625 0.459375 0.05703125 0.0546875
0 0.1953125 0.46875 0.06796875 0.0625
0 0.26171875 0.46484375 0.06484375 0.0546875
0 0.34140625 0.4671875 0.06796875 0.06015625
0 0.56484375 0.1734375 0.08828125 0.06484375
0 0.66015625 0.19140625 0.09140625 0.0703125
0 0.7640625 0.2046875 0.09140625 0.07578125
0 0.8734375 0.2203125 0.1015625 0.07578125
0 0.53515625 0.25390625 0.09140625 0.0703125
0 0.6265625 0.2671875 0.0859375 0.06484375
0 0.72890625 0.2828125 0.09375 0.07578125
0 0.834375 0.3046875 0.09609375 0.078125
0 0.509375 0.33046875 0.08046875 0.06796875
0 0.59765625 0.34609375 0.08046875 0.06796875
0 0.6953125 0.3671875 0.08828125 0.078125
0 0.7984375 0.38828125 0.09609375 0.078125
0 0.48203125 0.40078125 0.078125 0.0625
0 0.56640625 0.4203125 0.08046875 0.0703125
0 0.66171875 0.44140625 0.09375 0.0703125
0 0.765625 0.47109375 0.09375 0.078125
0 0.4515625 0.47109375 0.08046875 0.06796875
0 0.53515625 0.49609375 0.08046875 0.07578125
0 0.62890625 0.525 0.09140625 0.08046875
0 0.7359375 0.55078125 0.10703125 0.08046875
0 0.30859375 0.56875 0.07578125 0.06484375
0 0.37265625 0.615625 0.078125 0.06484375
0 0.43125 0.66953125 0.08046875 0.06796875
0 0.5 0.72421875 0.08359375 0.07265625
0 0.56640625 0.78125 0.09140625 0.07265625
0 0.26796875 0.6171875 0.078125 0.06796875
0 0.3203125 0.665625 0.06796875 0.0703125
0 0.38125 0.71640625 0.0859375 0.06796875
0 0.43984375 0.76953125 0.078125 0.0703125
0 0.515625 0.82578125 0.10390625 0.06796875
0 0.21328125 0.6625 0.07265625 0.06484375
0 0.2734375 0.7125 0.078125 0.06015625
0 0.32421875 0.76171875 0.07578125 0.06484375
0 0.38828125 0.81484375 0.078125 0.06796875
0 0.44921875 0.87265625 0.0859375 0.06796875
0 0.1703125 0.7046875 0.0703125 0.06484375
0 0.22109375 0.75546875 0.06796875 0.0625
0 0.275 0.80625 0.0703125 0.06015625
0 0.33203125 0.86171875 0.0703125 0.06796875
0 0.396875 0.9125 0.0859375 0.06484375