0 0.703125 0.30703125 0.05234375 0.04140625
0 0.6484375 0.303125 0.046875 0.03359375
0 0.58984375 0.30234375 0.04921875 0.04140625
0 0.53671875 0.30078125 0.05234375 0.0390625
0 0.69921875 0.3515625 0.04921875 0.03671875
0 0.64296875 0.34765625 0.046875 0.0390625
0 0.5953125 0.34765625 0.04921875 0.0390625
0 0.5375 0.3453125 0.04921875 0.03359375
0 0.6953125 0.39296875 0.046875 0.03671875
0 0.646875 0.39296875 0.04921875 0.03671875
0 0.5921875 0.39296875 0.04453125 0.03671875
0 0.54296875 0.39453125 0.04921875 0.0390625
0 0.6953125 0.4359375 0.046875 0.0390625
0 0.646875 0.43515625 0.04921875 0.03671875
0 0.5953125 0.4359375 0.04921875 0.0390625
0 0.5390625 0.4359375 0.046875 0.0390625
0 0.6953125 0.478125 0.046875 0.0390625
0 0.64453125 0.478125 0.04453125 0.0390625
0 0.5953125 0.47890625 0.04921875 0.04140625
0 0.54140625 0.478125 0.05234375 0.0390625
0 0.3984375 0.29921875 0.05703125 0.046875
0 0.33828125 0.3140625 0.0625 0.04453125
0 0.27578125 0.3265625 0.0625 0.0390625
0 0.2125 0.334375 0.06484375 0.04453125
0 0.4140625 0.34921875 0.05703125 0.04140625
0 0.35546875 0.359375 0.06015625 0.04140625
0 0.29453125 0.36953125 0.05703125 0.04140625
0 0.23046875 0.3828125 0.0703125 0.046875
0 0.42578125 0.3921875 0.0546875 0.04453125
0 0.37265625 0.4078125 0.05703125 0.04453125
0 0.3125 0.4125 0.0625 0.04453125
0 0.25 0.428125 0.0625 0.04453125
0 0.44140625 0.4375 0.0546875 0.04140625
0 0.3890625 0.453125 0.0546875 0.04140625
0 0.33203125 0.459375 0.0546875 0.04453125
0 0.27109375 0.4765625 0.0625 0.046875
0 0.45859375 0.48203125 0.05234375 0.046875
0 0.40625 0.490625 0.05234375 0.04453125
0 0.3453125 0.5078125 0.06015625 0.046875
0 0.28359375 0.5171875 0.06796875 0.04453125
0 0.54921875 0.546875 0.05703125 0.04140625
0 0.51171875 0.57578125 0.04921875 0.046875
0 0.47265625 0.6 0.0546875 0.04453125
0 0.42578125 0.63125 0.0546875 0.04453125
0 0.37890625 0.6625 0.0546875 0.04453125
0 0.58828125 0.57421875 0.05234375 0.04453125
0 0.5453125 0.60703125 0.0546875 0.046875
0 0.50390625 0.6328125 0.0546875 0.046875
0 0.46328125 0.66640625 0.05234375 0.04140625
0 0.415625 0.69375 0.0546875 0.04453125
0 0.6234375 0.60390625 0.0546875 0.04140625
0 0.578125 0.640625 0.05234375 0.04140625
0 0.53671875 0.66640625 0.05234375 0.04140625
0 0.49375 0.69765625 0.0546875 0.04140625
0 0.453125 0.72890625 0.05234375 0.04140625
0 0.6484375 0.63671875 0.046875 0.04453125
0 0.61328125 0.66796875 0.0546875 0.04453125
0 0.57421875 0.69765625 0.04921875 0.04140625
0 0.53359375 0.72890625 0.05703125 0.04140625
0 0.4859375 0.75625 0.06015625 0.04453125