0 0.296875 0.69296875 0.05234375 0.04140625
0 0.3515625 0.696875 0.046875 0.03359375
0 0.41015625 0.69765625 0.04921875 0.04140625
0 0.46328125 0.69921875 0.05234375 0.0390625
0 0.30078125 0.6484375 0.04921875 0.03671875
0 0.35703125 0.65234375 0.046875 0.0390625
0 0.4046875 0.65234375 0.04921875 0.0390625
0 0.4625 0.6546875 0.04921875 0.03359375
0 0.3046875 0.60703125 0.046875 0.03671875
0 0.353125 0.60703125 0.04921875 0.03671875
0 0.4078125 0.60703125 0.04453125 0.03671875
0 0.45703125 0.60546875 0.04921875 0.0390625
0 0.3046875 0.5640625 0.046875 0.0390625
0 0.353125 0.56484375 0.04921875 0.03671875
0 0.4046875 0.5640625 0.04921875 0.0390625
0 0.4609375 0.5640625 0.046875 0.0390625
0 0.3046875 0.521875 0.046875 0.0390625
0 0.35546875 0.521875 0.04453125 0.0390625
0 0.4046875 0.52109375 0.04921875 0.04140625
0 0.45859375 0.521875 0.05234375 0.0390625
0 0.6015625 0.70078125 0.05703125 0.046875
0 0.66171875 0.6859375 0.0625 0.04453125
0 0.72421875 0.6734375 0.0625 0.0390625
0 0.7875 0.665625 0.06484375 0.04453125
0 0.5859375 0.65078125 0.05703125 0.04140625
0 0.64453125 0.640625 0.06015625 0.04140625
0 0.70546875 0.63046875 0.05703125 0.04140625
0 0.76953125 0.6171875 0.0703125 0.046875
0 0.57421875 0.6078125 0.0546875 0.04453125
0 0.62734375 0.5921875 0.05703125 0.04453125
0 0.6875 0.5875 0.0625 0.04453125
0 0.75 0.571875 0.0625 0.04453125
0 0.55859375 0.5625 0.0546875 0.04140625
0 0.6109375 0.546875 0.0546875 0.04140625
0 0.66796875 0.540625 0.0546875 0.04453125
0 0.72890625 0.5234375 0.0625 0.046875
0 0.54140625 0.51796875 0.05234375 0.046875
0 0.59375 0.509375 0.05234375 0.04453125
0 0.6546875 0.4921875 0.06015625 0.046875
0 0.71640625 0.4828125 0.06796875 0.04453125
0 0.45078125 0.453125 0.05703125 0.04140625
0 0.48828125 0.42421875 0.04921875 0.046875
0 0.52734375 0.4 0.0546875 0.04453125
0 0.57421875 0.36875 0.0546875 0.04453125
0 0.62109375 0.3375 0.0546875 0.04453125
0 0.41171875 0.42578125 0.05234375 0.04453125
0 0.4546875 0.39296875 0.0546875 0.046875
0 0.49609375 0.3671875 0.0546875 0.046875
0 0.53671875 0.33359375 0.05234375 0.04140625
0 0.584375 0.30625 0.0546875 0.04453125
0 0.3765625 0.39609375 0.0546875 0.04140625
0 0.421875 0.359375 0.05234375 0.04140625
0 0.46328125 0.33359375 0.05234375 0.04140625
0 0.50625 0.30234375 0.0546875 0.04140625
0 0.546875 0.27109375 0.05234375 0.04140625
0 0.3515625 0.36328125 0.046875 0.04453125
0 0.38671875 0.33203125 0.0546875 0.04453125
0 0.42578125 0.30234375 0.04921875 0.04140625
0 0.46640625 0.27109375 0.05703125 0.04140625
0 0.5140625 0.24375 0.06015625 0.04453125