0 0.475 0.7125 0.04453125 0.03359375
0 0.51953125 0.71328125 0.0390625 0.03125
0 0.56796875 0.71328125 0.04140625 0.03125
0 0.61484375 0.7171875 0.04140625 0.03359375
0 0.478125 0.67734375 0.0390625 0.03125
0 0.51953125 0.678125 0.0390625 0.02890625
0 0.56484375 0.67734375 0.03671875 0.03125
0 0.6078125 0.68125 0.0390625 0.03359375
0 0.48203125 0.6421875 0.03671875 0.02890625
0 0.48203125 0.60546875 0.03671875 0.02890625
0 0.48046875 0.56796875 0.03359375 0.03125
0 0.5234375 0.640625 0.03671875 0.03125
0 0.56640625 0.6421875 0.0390625 0.02890625
0 0.61171875 0.6421875 0.03671875 0.02890625
0 0.5234375 0.60546875 0.03671875 0.02890625
0 0.56640625 0.60390625 0.0390625 0.03125
0 0.61328125 0.60546875 0.0390625 0.02890625
0 0.5234375 0.56875 0.03671875 0.02890625
0 0.5703125 0.56796875 0.03671875 0.03125
0 0.61328125 0.56875 0.0390625 0.02890625
0 0.73046875 0.71640625 0.04453125 0.03671875
0 0.78359375 0.709375 0.046875 0.0390625
0 0.8359375 0.70078125 0.046875 0.03671875
0 0.884375 0.69375 0.04921875 0.0390625
0 0.72109375 0.67734375 0.046875 0.03125
0 0.76796875 0.66953125 0.046875 0.03671875
0 0.8203125 0.66015625 0.046875 0.03359375
0 0.86953125 0.6546875 0.05234375 0.03359375
0 0.7046875 0.64453125 0.04453125 0.03359375
0 0.75546875 0.63046875 0.04140625 0.03125
0 0.79921875 0.61953125 0.046875 0.03125
0 0.853125 0.61328125 0.04921875 0.03359375
0 0.69375 0.6078125 0.04453125 0.03359375
0 0.740625 0.59765625 0.04453125 0.03359375
0 0.7890625 0.5875 0.046875 0.03359375
0 0.8421875 0.5765625 0.04921875 0.03359375
0 0.678125 0.56796875 0.04453125 0.03125
0 0.725 0.55703125 0.04453125 0.03125
0 0.771875 0.546875 0.04453125 0.03125
0 0.82578125 0.540625 0.046875 0.03359375
0 0.60390625 0.51953125 0.04140625 0.03359375
0 0.6390625 0.49375 0.0390625 0.03359375
0 0.671875 0.47265625 0.04140625 0.03359375
0 0.7109375 0.446875 0.046875 0.03359375
0 0.7484375 0.41953125 0.04921875 0.03671875
0 0.57421875 0.4921875 0.04453125 0.03671875
0 0.6109375 0.4671875 0.04453125 0.03359375
0 0.64609375 0.446875 0.04140625 0.03359375
0 0.6796875 0.421875 0.046875 0.03125
0 0.7171875 0.39296875 0.04921875 0.03671875
0 0.5484375 0.46640625 0.04453125 0.03671875
0 0.58203125 0.44296875 0.0390625 0.03125
0 0.615625 0.4203125 0.04453125 0.03359375
0 0.65 0.39609375 0.0390625 0.03125
0 0.6859375 0.36953125 0.04921875 0.03125
0 0.51796875 0.43984375 0.046875 0.03671875
0 0.553125 0.4203125 0.04453125 0.03359375
0 0.58984375 0.39296875 0.04453125 0.03671875
0 0.62109375 0.36953125 0.04453125 0.03125
0 0.66015625 0.34765625 0.04921875 0.03359375