0 0.525 0.7125 0.04453125 0.03359375
0 0.48046875 0.71328125 0.0390625 0.03125
0 0.43203125 0.71328125 0.04140625 0.03125
0 0.38515625 0.7171875 0.04140625 0.03359375
0 0.521875 0.67734375 0.0390625 0.03125
0 0.48046875 0.678125 0.0390625 0.02890625
0 0.43515625 0.67734375 0.03671875 0.03125
0 0.3921875 0.68125 0.0390625 0.03359375
0 0.51796875 0.6421875 0.03671875 0.02890625
0 0.51796875 0.60546875 0.03671875 0.02890625
0 0.51953125 0.56796875 0.03359375 0.03125
0 0.4765625 0.640625 0.03671875 0.03125
0 0.43359375 0.6421875 0.0390625 0.02890625
0 0.38828125 0.6421875 0.03671875 0.02890625
0 0.4765625 0.60546875 0.03671875 0.02890625
0 0.43359375 0.60390625 0.0390625 0.03125
0 0.38671875 0.60546875 0.0390625 0.02890625
0 0.4765625 0.56875 0.03671875 0.02890625
0 0.4296875 0.56796875 0.03671875 0.03125
0 0.38671875 0.56875 0.0390625 0.02890625
0 0.26953125 0.71640625 0.04453125 0.03671875
0 0.21640625 0.709375 0.046875 0.0390625
0 0.1640625 0.70078125 0.046875 0.03671875
0 0.115625 0.69375 0.04921875 0.0390625
0 0.27890625 0.67734375 0.046875 0.03125
0 0.23203125 0.66953125 0.046875 0.03671875
0 0.1796875 0.66015625 0.046875 0.03359375
0 0.13046875 0.6546875 0.05234375 0.03359375
0 0.2953125 0.64453125 0.04453125 0.03359375
0 0.24453125 0.63046875 0.04140625 0.03125
0 0.20078125 0.61953125 0.046875 0.03125
0 0.146875 0.61328125 0.04921875 0.03359375
0 0.30625 0.6078125 0.04453125 0.03359375
0 0.259375 0.59765625 0.04453125 0.03359375
0 0.2109375 0.5875 0.046875 0.03359375
0 0.1578125 0.5765625 0.04921875 0.03359375
0 0.321875 0.56796875 0.04453125 0.03125
0 0.275 0.55703125 0.04453125 0.03125
0 0.228125 0.546875 0.04453125 0.03125
0 0.17421875 0.540625 0.046875 0.03359375
0 0.39609375 0.51953125 0.04140625 0.03359375
0 0.3609375 0.49375 0.0390625 0.03359375
0 0.328125 0.47265625 0.04140625 0.03359375
0 0.2890625 0.446875 0.046875 0.03359375
0 0.2515625 0.41953125 0.04921875 0.03671875
0 0.42578125 0.4921875 0.04453125 0.03671875
0 0.3890625 0.4671875 0.04453125 0.03359375
0 0.35390625 0.446875 0.04140625 0.03359375
0 0.3203125 0.421875 0.046875 0.03125
0 0.2828125 0.39296875 0.04921875 0.03671875
0 0.4515625 0.46640625 0.04453125 0.03671875
0 0.41796875 0.44296875 0.0390625 0.03125
0 0.384375 0.4203125 0.04453125 0.03359375
0 0.35 0.39609375 0.0390625 0.03125
0 0.3140625 0.36953125 0.04921875 0.03125
0 0.48203125 0.43984375 0.046875 0.03671875
0 0.446875 0.4203125 0.04453125 0.03359375
0 0.41015625 0.39296875 0.04453125 0.03671875
0 0.37890625 0.36953125 0.04453125 0.03125
0 0.33984375 0.34765625 0.04921875 0.03359375