0 0.9046875 0.1578125 0.09609375 0.07578125
0 0.80859375 0.15390625 0.08046875 0.078125
0 0.7109375 0.1546875 0.078125 0.0703125
0 0.61875 0.15078125 0.07578125 0.07265625
0 0.90078125 0.225 0.07265625 0.06484375
0 0.80859375 0.234375 0.08046875 0.0625
0 0.70859375 0.234375 0.08359375 0.0625
0 0.61484375 0.234375 0.08359375 0.0625
0 0.896875 0.303125 0.08046875 0.06484375
0 0.803125 0.30078125 0.08046875 0.06015625
0 0.703125 0.30234375 0.08359375 0.0625
0 0.61328125 0.303125 0.07578125 0.06484375
0 0.89453125 0.38046875 0.0859375 0.0625
0 0.89609375 0.44765625 0.08359375 0.0625
0 0.803125 0.375 0.08046875 0.0625
0 0.70546875 0.38046875 0.08828125 0.0625
0 0.6109375 0.38046875 0.08046875 0.0625
0 0.803125 0.45078125 0.08046875 0.06796875
0 0.70859375 0.446875 0.08359375 0.06015625
0 0.609375 0.44765625 0.08359375 0.0625
0 0.375 0.1640625 0.09375 0.078125
0 0.28515625 0.18359375 0.0859375 0.06484375
0 0.18984375 0.203125 0.08828125 0.07265625
0 0.09140625 0.22109375 0.09921875 0.06796875
0 0.4046875 0.23671875 0.0859375 0.06796875
0 0.31015625 0.25625 0.08828125 0.06484375
0 0.21875 0.275 0.08359375 0.0703125
0 0.11953125 0.29453125 0.09375 0.078125
0 0.43515625 0.30625 0.08828125 0.0703125
0 0.3375 0.3265625 0.0859375 0.0703125
0 0.23984375 0.34609375 0.08359375 0.06796875
0 0.14453125 0.36484375 0.09609375 0.07265625
0 0.45859375 0.37734375 0.09375 0.06796875
0 0.36171875 0.3921875 0.08828125 0.06484375
0 0.26953125 0.415625 0.0859375 0.0703125
0 0.1703125 0.4375 0.0859375 0.0625
0 0.4828125 0.44765625 0.09609375 0.0625
0 0.384375 0.46484375 0.0859375 0.06484375
0 0.2953125 0.4859375 0.0859375 0.06484375
0 0.20078125 0.509375 0.08828125 0.0703125
0 0.63515625 0.54921875 0.09375 0.078125
0 0.6953125 0.60390625 0.08828125 0.07265625
0 0.74765625 0.6578125 0.08828125 0.07578125
0 0.81015625 0.709375 0.08828125 0.07578125
0 0.56640625 0.6015625 0.0859375 0.06796875
0 0.4921875 0.6390625 0.08828125 0.0703125
0 0.4140625 0.6890625 0.08828125 0.06484375
0 0.34140625 0.73203125 0.08828125 0.06796875
0 0.61875 0.65234375 0.0859375 0.06484375
0 0.68125 0.70859375 0.0859375 0.0625
0 0.734375 0.7578125 0.08359375 0.06796875
0 0.5484375 0.69375 0.09140625 0.06484375
0 0.6015625 0.75234375 0.08828125 0.06796875
0 0.6640625 0.803125 0.08828125 0.06484375
0 0.59140625 0.8421875 0.08828125 0.0703125
0 0.525 0.88515625 0.0859375 0.07265625
0 0.5328125 0.79453125 0.08046875 0.06796875
0 0.4765625 0.740625 0.08828125 0.06484375
0 0.4 0.78359375 0.0859375 0.06796875
0 0.45703125 0.8359375 0.0859375 0.06796875